## LambdaRank
## Epochs = 100
## No. of features = 46
## No. of hidden layers = 1
## Layer 1: 10 neurons
## NDCG@10 = 0.3754
1 2 3 4 5 6 7 8 9 10 11 12 13 14 15 16 17 18 19 20 21 22 23 24 25 26 27 28 29 30 31 32 33 34 35 36 37 38 39 40 41 42 43 44 45 46
1
10
0 0 0.08993552801973373 -0.09259799648020671 0.048793514953233 0.02942221247996803 -0.05977718137450653 0.05206862267959938 -0.0833460051657118 0.006746535847193311 0.06724377022337684 -0.08577207919885194
0 1 0.07332502085891747 -0.023311888516610434 -0.05249523156638325 -0.05940821726046295 -0.07896127271568272 -0.09472049481446619 0.08210136178769317 0.02554582365406822 -0.0818399188470994 -0.04851815542347551
0 2 -0.05725136818472405 0.06271164286986992 0.08498666045078394 -0.07741529924558826 0.07226419539628295 0.0739458052522722 -0.05789306189921271 -0.014603924665911764 -0.08098209088236206 0.04374910844523567
0 3 -0.0886257397153286 -0.01148749748135948 0.09553885525007515 -0.08169511056990544 0.07757623942337619 0.06243773452207757 0.07259792359699485 0.006664637067578632 -0.0054196450874250774 -0.05337684157427475
0 4 0.0563867243994531 -0.03815217938905454 -0.08507822667971297 0.05196194511578905 -0.08576909573858822 -0.06481277233594812 -0.06491227444302387 0.09941713220832972 -0.06363924951777288 0.08542371542426702
0 5 -0.010469633154571056 0.04166897386312485 -0.09186705201864243 -0.02316230535507202 0.05580475181341171 -0.006122487597167492 0.08397022634744644 0.042597364634275436 -0.04448339343070984 0.03660985082387924
0 6 0.09144683182239532 0.051578979939222336 0.07768875360488892 0.023311913013458252 -0.0361047089099884 -0.08536162227392197 0.0873861089348793 -0.06231696531176567 0.009434342384338379 -0.05194716900587082
0 7 0.07563601434230804 -0.06908080726861954 0.03746893256902695 0.027992283925414085 0.0014833807945251465 0.08154108375310898 -0.07423382997512817 -0.04531760886311531 -0.021712075918912888 -0.014864033088088036
0 8 0.09555353224277496 0.030241066589951515 -0.007867986336350441 0.07169631123542786 0.013910138979554176 -0.045164622366428375 -0.06869181990623474 -0.06931407749652863 -0.02459808625280857 0.034675806760787964
0 9 0.004466140177100897 -0.018206197768449783 0.023595672100782394 -0.09688244760036469 0.007769417949020863 -0.07539770752191544 -0.008374649100005627 0.08478092402219772 0.003743207547813654 -2.1438002295326442E-4
0 10 -0.08507818159761123 -0.09169531884055007 0.0916501654373123 0.06080626218497846 -0.051167216152592475 -0.09337975180326534 -0.013132881668420677 -0.07066684731832229 -0.038609360015066214 0.09221256037686955
0 11 -0.014480103490278224 0.002644439602385272 -0.08617467162459758 0.061733526935653336 0.012537704179199052 0.05813890842643143 0.051470013845288626 0.012722353121989138 -0.04057387078395106 -0.0024459605136484897
0 12 0.024217624695395727 0.05337325249709966 -0.08648982485913431 0.0389649841807446 0.012656531289292785 -0.06895249726938607 0.05920864622044481 -0.08737983493645152 -0.09254883466479363 -0.09859082782890187
0 13 0.032810038555715675 -0.06391552849261095 -0.0679062187382628 -0.06806040709616716 0.07083068649071728 0.050299137795351515 -0.03781852030085128 -0.07725400475999193 0.061854042823562196 -0.038496509789883185
0 14 0.06209339257280252 0.09247387329858547 -0.04897584892922237 -0.04306253005618801 0.060118692340861285 0.06159950392695849 -0.016237447075011364 0.07179587550698283 0.056866300498544575 -0.03885099277644895
0 15 -0.03379733608172741 0.06920394150425503 -0.06898461225289931 0.08900308469651035 0.023426535915310666 0.06723802314965385 0.04350933426454386 -0.09251026527464673 -0.045604722708178155 -4.609316726511176E-4
0 16 -0.05461379276282619 -0.06383715886367136 0.03927686105805312 0.018031764048148727 0.059738893744078404 0.02406056736245587 -0.036957930348369576 -0.07677403778539527 0.07163105909264925 -0.0766391126585672
0 17 -0.04544264400078299 0.009675851837354883 -7.02171249410031E-4 0.08014035093335874 -4.094165083373895E-4 -0.02557693899481089 0.035714131289026535 -0.038653199858943915 -0.008010193116827673 0.06538059758591294
0 18 -0.05251449045790629 -0.09658640533700377 0.017881764636216668 -0.013001189997117744 -0.08640944466339223 0.04503689292636992 -0.013997619015520454 -0.07234163584440279 0.01704030816566744 0.02640338522520943
0 19 -0.012486762844753436 0.02173275473641253 -0.08196901988151988 0.02573142000829588 0.047186466632104684 -0.08261512924437373 0.08603706444546119 -0.09477352995487437 -0.046518989752301905 0.01701048430895123
0 20 -0.026501860956451774 0.035262007616658785 0.0512264403442883 -0.07151785411452283 0.09725556153076675 0.0065100758332123565 0.05939378606194152 0.042486934046657106 -0.009958090048253395 -0.0852767830438334
0 21 0.02420132180409223 -0.006732985224704111 -0.07793760508542234 0.0668788908936065 0.04240755761808524 0.05546552750151684 0.08710774463161686 0.07572200087894516 0.004684946592894775 0.04436410462777874
0 22 -0.041332186934897014 0.01140834003269985 -0.03668933837788743 0.09194494755747616 -0.03771630245751638 -0.06966632100242512 -0.06114764833026028 -0.0490757988843342 0.018156437076414386 0.03090110818775467
0 23 0.017460551384661082 0.03693886568702049 0.046151723419511057 -0.030654793747329094 -0.025729400857231997 0.08173190559123457 0.04892552146289986 -0.031226701042695974 0.08978259251961616 0.0288018665570716
0 24 0.07608934532590082 -0.07636495697084056 -0.0634058949685299 0.06812945698173926 -0.07051597985354435 -0.015147243162092872 0.04541918297315761 0.09497128183656715 -0.09473756202665941 -0.05621586069163947
0 25 -0.026758713947202088 -0.03715797776700673 0.033477123095947615 0.014100138811498096 0.05857390178966424 -0.0681148894070651 0.04242459955135307 -0.08028532200475974 -0.036309702346684736 -0.004621190349853085
0 26 -0.029595582436812228 -0.019957651690718257 0.017469517837470565 0.0588233289058693 0.09598449848577832 0.04058182237317375 0.03588360354936996 -0.04860624828521221 -0.06780926856872245 -0.05878775276210425
0 27 -0.06429146497558595 -0.0014433593235587908 0.08236307105688086 -0.061712997159575574 -0.0612578033119004 -0.09432494075274712 0.096368309685685 0.014175565249583473 0.07763344858021526 -0.05999581797734404
0 28 -0.046382065284738386 0.08336759111140223 0.015293730701061 0.07470377584843478 0.09184158756470553 0.030411843703413488 0.0625944767105209 0.06623624628656605 0.07195528020178546 -0.09355852894890687
0 29 0.01925740820268816 -3.0916902858466494E-4 -0.04561062314539883 -0.08498888314649833 0.027871258163535535 0.0728869556881636 -0.04960045850089506 -0.05538886881441637 0.0884749217284749 -0.010433943073781165
0 30 0.005458046060440964 0.07684875159732457 -0.04015531083226791 -0.06888148715814014 -0.07927422720997665 -0.02463759536365649 -0.06732152254079656 -0.05552356051882703 0.05547186014930188 -0.0443670617539961
0 31 -0.07014337330871519 -0.056706346784770545 -0.06710811735156932 0.08101700671104294 -0.011472817434127853 -0.015236553521297541 -0.022922971845761142 -0.07982866395282646 -0.03780082757589216 0.07602348035148773
0 32 0.005891085893141471 -0.02502428594361321 -0.09108325631795401 0.025491039636726467 -0.06329909342380069 0.045989485250197006 0.08121811797787803 -0.04881398964013142 0.09243530446585117 0.09722538211547749
0 33 0.07045932484264429 0.07693939016018177 -0.06752720167352927 0.021556560267871786 0.042931888435195124 -0.007377561254615443 -0.025095057312650874 -0.03559601317826231 0.09032529711055941 0.067132406194263
0 34 -0.06728385373097381 0.07128020631490228 -0.09158526635949991 -0.05823913622293639 0.009799738840193929 -0.05830433654818473 0.030546111508236128 0.011418819262134216 0.06147985658240093 -0.04981677614466243
0 35 0.006715583484299602 -0.040540650479692526 -0.06567256723634893 -0.0730329282313553 0.05952760410798044 0.018422990630365458 0.06318503775218871 -0.04565023809840036 -0.09697595984755394 0.09326907304676195
0 36 -0.08628156945830637 0.007654952168569797 0.08763539429311948 -0.015729280919912745 -0.06027613213426346 0.09306093843805129 -0.024289328084737237 -0.0022935536718076883 -0.005045927176546234 0.041330760969984046
0 37 0.08120391643903498 0.07650061952052312 0.03121460161576857 0.008535583699393655 0.07606199645371543 -0.01601428986538272 0.001704645442448256 0.07486461731924121 0.0939851190756068 0.041324377006875274
0 38 0.06319444638997149 -0.048744120911946985 0.0522254710630707 -0.05316220367209814 -0.0037416640968149493 0.08427520919104795 -0.028240122081070528 0.0039358411132956374 -0.05441102775355253 -0.09361802917406209
0 39 0.0458752388391791 -0.01563116892723455 0.07887788716451456 0.08226241648570971 -0.06764733707140064 -0.08580963763518511 -0.08144046170378212 -0.05722033635166816 0.0696661370020373 -0.0023437446748316134
0 40 0.06516676325820567 -0.0707476666437646 0.07065255236154017 -0.046033247186695256 -0.06017053954733134 0.023908565450095936 -0.035608979226397074 0.006386958931608044 0.013331692894621838 0.03084077002592843
0 41 -0.07979695824025423 0.08583651905728873 0.07236611314669263 8.750161261456661E-4 -0.08710956790180807 -0.07510447740908463 -0.012019266951565652 0.013951192752578223 -0.07814372714175516 -0.04838979809478227
0 42 0.04317004233598709 -0.0400727316737175 0.05497036501765251 -0.040018171072006226 -0.07387511432170868 -0.028392881155014038 0.047245822846889496 0.06013493984937668 -0.025213848799467087 -0.013879257254302502
0 43 0.006733453880414496 0.012020986083449217 0.09591456753599858 0.09395853731408028 -0.07415101312423535 -0.08990383729634097 -0.08765220480732853 0.08294835289841579 0.023161171000457625 0.07195495235719815
0 44 -0.06796086237682966 0.09003241604121799 0.07576000522024712 0.05308662177482242 -0.051453347501708796 -0.03974997397375773 0.021972293842716723 0.061000829636955724 -0.04556408754396631 0.048506812364019325
0 45 0.04210526029586806 -0.040833991908107194 0.04332870744574635 -0.04054204470107356 -0.09667330164306426 0.010340358001367282 0.04655520004237917 0.05458144381218639 0.01945740011102844 0.0927180326652805
0 46 0.008655179657659396 -0.024961341691225034 -0.05726562296931301 -0.020733526501330556 0.09152526231316752 0.07717204617716956 0.005039698779182063 0.06051332448898694 0.09295482382772574 0.05054550653552889 -0.08416864275931754
1 0 -0.08791481703519649
1 1 0.05282355099916356
1 2 -0.06402809917926995
1 3 0.06751792877912702
1 4 0.01300544757395999
1 5 0.06088137626647814
1 6 0.0859159305691764
1 7 -0.006047040224075176
1 8 -0.05063870549202025
1 9 0.08205010741948394
