## ListNet
## Epochs = 1500
## No. of features = 46
## NDCG@10 = 0.5237
1 2 3 4 5 6 7 8 9 10 11 12 13 14 15 16 17 18 19 20 21 22 23 24 25 26 27 28 29 30 31 32 33 34 35 36 37 38 39 40 41 42 43 44 45 46
0
0 0 0.022181726365027764
0 1 0.2007329624928566
0 2 0.13785507855505263
0 3 0.10825928410957822
0 4 0.13192897499129574
0 5 0.013383585028350353
0 6 0.09782260656356812
0 7 -0.028049856424331665
0 8 0.02791389264166355
0 9 0.004952752497047186
0 10 0.08167991737998455
0 11 0.2390520049429641
0 12 0.1399456907981696
0 13 0.06912103378143436
0 14 0.14979180297090014
0 15 0.049145715428291256
0 16 0.022540361649916636
0 17 0.05441398740032441
0 18 -0.15857807043121042
0 19 0.07096741798092725
0 20 0.20937161779847602
0 21 0.260807566709372
0 22 0.26599975108063745
0 23 0.38048200120375075
0 24 0.18154053279458301
0 25 0.10675071392734271
0 26 0.19143560351624309
0 27 0.11176825599565031
0 28 0.09950752403758291
0 29 0.05696215176709973
0 30 0.1570198992467876
0 31 0.060286082215396955
0 32 -0.008424419475029428
0 33 -0.042986949939677756
0 34 0.06203004998861694
0 35 0.13558732052369812
0 36 0.3292801736904856
0 37 0.3043767323460351
0 38 0.3195896839498097
0 39 0.21619841609670498
0 40 -0.029867808116784543
0 41 0.02076450168292418
0 42 -0.005252027418464422
0 43 0.0734563385241551
0 44 0.05611322158232089
0 45 -0.059539612487683066
0 46 0.02729400433599949
