## RankNet
## Epochs = 100
## No. of features = 46
## No. of hidden layers = 1
## Layer 1: 10 neurons
## NDGC@10 = 0.5308
1 2 3 4 5 6 7 8 9 10 11 12 13 14 15 16 17 18 19 20 21 22 23 24 25 26 27 28 29 30 31 32 33 34 35 36 37 38 39 40 41 42 43 44 45 46
1
10
0 0 -0.11008040460252871 -0.20072256598706134 -0.20003975036405935 -0.2558499036512633 0.18233605868198308 -0.24549688520420263 -0.23179169531326074 -0.09671711076350469 0.17707353572290957 -0.025027123524871013
0 1 -0.36525631081235366 -0.4374585417079032 -0.3165279418227316 -0.5650434777151214 0.3984254847639601 -0.3848860184386964 -0.41616505938202686 -0.2538154187963661 0.329527472352364 0.08862564095780766
0 2 -0.5711352186692484 -0.623588291663213 -0.4919246738359793 -0.880069200297705 0.46986346281034924 -0.6167957737433645 -0.6623544589091732 -0.42543998161062446 0.4654111366037373 0.22083838697544295
0 3 0.0923184452362726 0.01641718927189742 0.10153369720505684 0.09579231681831778 0.026441017491373894 -0.019166420675261128 -0.009447590807598107 -0.022025561719897245 -0.0572190453314584 -0.09437718942264116
0 4 -0.1764072375439103 -0.23379974306625434 -0.16013052608675493 -0.20411870892888506 0.20224079710767426 -0.3003448986018207 -0.1359287042849864 -0.08482602909425695 0.19790588571113987 0.07514070410813473
0 5 -0.017924904823303223 0.0941021591424942 0.03635646030306816 0.001486706780269742 -0.04261057823896408 -0.08249131590127945 0.082259401679039 0.02608790434896946 0.08219999819993973 0.05498969554901123
0 6 -0.03480923920869827 -0.009995711036026478 -0.08608962595462799 0.00452771782875061 -0.09589938819408417 -0.06806720793247223 0.07623589783906937 -0.036067716777324677 -0.09561271220445633 0.06394368410110474
0 7 0.0069040535017848015 0.01589432917535305 -0.019754379987716675 0.004144227597862482 0.09295720607042313 0.08076971024274826 0.07735009491443634 -0.03929144889116287 -0.04506765678524971 -0.09487180411815643
0 8 -0.009821301326155663 0.03504548594355583 0.07767385244369507 -0.0737813413143158 0.0850536972284317 0.08323286473751068 0.036072682589292526 -0.004255920648574829 -0.06420359015464783 -0.059691738337278366
0 9 -0.022728383541107178 0.07612738758325577 -0.0768410786986351 -0.09951526671648026 -0.0896955132484436 0.008381074294447899 -0.09090759605169296 -0.05266010761260986 0.003995114471763372 0.0953233391046524
0 10 -0.25580004494890074 -0.2262504954998636 -0.1028058759494938 -0.3257688868138248 0.12367654334614595 -0.17428408714859484 -0.19374983269186521 -0.12124687942631306 0.038678518480560656 0.18067169533599353
0 11 -0.38980488288305476 -0.27869513327589296 -0.3092072159054536 -0.4954673597295259 0.42006767323900834 -0.43180179243044337 -0.44647126596277603 -0.39687956786051015 0.3112888731283119 0.22809080375492424
0 12 -0.6037521577211324 -0.5787256453956542 -0.40502725331705386 -0.8656067729614871 0.5742321817055495 -0.6741857554623638 -0.7484984743569597 -0.5470572619346364 0.43774993483727426 0.2581512500335818
0 13 -0.05979725299361235 0.04502831055575894 -0.023968936097322317 -0.012364193617084364 -0.04129412669185073 -0.12161788392940684 -0.047640225793110696 -0.06140255871717851 -0.03980349007136062 0.09903208602436239
0 14 -0.3405503819069013 -0.3010262288672481 -0.2046337696347977 -0.27606385095513064 0.13553195871570622 -0.29687192637432125 -0.361627221880946 -0.24635366546342902 0.07059454198111317 0.14447505310402334
0 15 -0.08179458697915702 -0.006371524752428618 0.006602611865026001 -0.06892616333294989 0.020967968534526087 -0.14145408745249224 -0.10460855901378731 0.011697964106649668 -0.027650384410336813 0.0702716107297424
0 16 -0.1546873082939343 -0.16618127646695766 -0.0691659658419779 -0.13945284163898894 0.06905740246031013 -0.03796226939837819 -0.06555789399176956 -0.002373886572098579 0.07942978191583729 0.12842170536583705
0 17 0.0020894511965713755 0.051539377811332616 0.07289457687167786 0.23105052408447652 -0.21828330261948506 0.0776209865730762 0.06587895904883229 0.011910360892569983 -0.036838470027212224 -0.0886999482115991
0 18 0.39402555732083716 0.3914375315567269 0.3063286997848643 0.40264151072172144 -0.4501905824014532 0.39354709664474624 0.41246607337742397 0.32637489987533325 -0.3263265534263053 -0.07635489590220215
0 19 -0.11709459460079967 0.015178284148999268 -0.042857770399113405 -0.1382436241603662 0.03685037871392127 -0.10242371903320921 -0.15098045931122522 -0.03049426803069027 -0.0043390103315063015 0.08942344920243991
0 20 -1.0334431287873385 -1.080824737230803 -0.7563924659279344 -1.5203090638905714 0.9560026339710213 -1.1515904997050912 -1.1517678590311673 -0.9802367039207748 0.7520278346086603 0.49705687641265206
0 21 -1.0243595791521296 -0.9750486640811286 -0.8210959669885427 -1.5431756160207424 0.9577422090628154 -1.0782708269699026 -1.1088453132892708 -0.9329566031450993 0.5928646432287928 0.4034448590976431
0 22 -1.2401759601286648 -1.305539905451725 -0.9565853742079605 -1.8688874205426582 1.0671613901847823 -1.3384224987858966 -1.3891691175555037 -1.1304266205349693 0.8233975559225907 0.5818731192780782
0 23 -0.9558209940055944 -1.0076475445670434 -0.7307319459616815 -1.4531227844843417 0.9096644683663064 -1.156478916444158 -1.0980635520406377 -0.9072021897774337 0.6687348135433003 0.5100583742709712
0 24 -0.542335714057859 -0.46380095713546393 -0.5260348070748884 -0.8556904810830712 0.38300661309474693 -0.653513495147561 -0.5643455435737111 -0.40693609616733883 0.4518500614399279 0.20368408660492462
0 25 -0.5458551720508755 -0.47326401062510387 -0.5360343155448583 -0.8167598469387595 0.5405410319924213 -0.6978190419609114 -0.7351684352630237 -0.5018976867925975 0.3591732029104176 0.1885504920807883
0 26 -0.46880057844075107 -0.4561900373693169 -0.38602671206579886 -0.7670643016248716 0.5430069815933212 -0.6205666108037632 -0.5068462335643339 -0.526330632278643 0.4052387617641391 0.18061838155042378
0 27 -0.5211801352824874 -0.5047430331806143 -0.5430437180605242 -0.913806822709777 0.5729634000822911 -0.7303614720864984 -0.6396995146122418 -0.5046640160031277 0.44754832783733894 0.28157071470202844
0 28 -0.5989774394350095 -0.5253341247480544 -0.3890134554005853 -0.9384698323670256 0.5162875664540932 -0.6527357424706405 -0.6070038358809219 -0.5699667232721086 0.488763951025497 0.22594317171349876
0 29 -0.7195114698839878 -0.7172514760971017 -0.6194151940760056 -0.9340699801414464 0.6421398688121441 -0.8075423392281069 -0.7058436576361751 -0.673525593052855 0.45475986503286514 0.25892041197022414
0 30 -0.6448028541860207 -0.6803132040023903 -0.5985868048236607 -0.8527466842014334 0.5401322417472719 -0.6627943625136962 -0.6186536066390484 -0.5753595790962952 0.4837459062050831 0.1838081213962665
0 31 -0.5953503277678734 -0.6355235394389384 -0.4517887133311818 -0.9028410836371022 0.5290206114985501 -0.7127296291936382 -0.8295296725038784 -0.6314146323751353 0.43236687171281046 0.3660863812798143
0 32 -0.11978146487831748 -0.0793770252944404 -0.12535060707263737 -0.14143110791802693 0.03559513411806268 -0.13903215198368812 -0.1697656475576319 -0.1569688949223716 0.0789628348797384 0.12081791147165795
0 33 -0.1303817157595986 -0.19393789623099034 -0.20410235744693114 -0.22028956252081613 0.1862247184100517 -0.07258257240386722 -0.17658702218551345 -0.0729476287544777 0.11582177598492595 0.03490791727759974
0 34 -0.19382434438468357 -0.24788359284593475 -0.09135106342549866 -0.3244420676269213 0.11767300495711422 -0.12963181186871642 -0.0892408863542829 -0.16290599737911884 0.18486887576801037 0.04191380504753847
0 35 -0.09506021096712808 -0.057478080550676006 -0.13760256084168773 -0.10587665536123442 0.04581557062790594 -0.1895389730147595 -0.18853237490446162 -0.038864714264825795 0.010353025971197886 0.0973135471094718
0 36 -0.9981037995204647 -1.0264462237510352 -0.7943600287255684 -1.5691578030865572 0.8831874627277732 -1.1476516027173593 -1.2188408114147926 -0.8337783399179348 0.6232439027929843 0.31100372361435524
0 37 -1.0767520511467965 -1.0894470838016417 -0.8336615906993854 -1.549986602980112 0.8042029180196258 -1.0542458329952744 -1.1907811062775977 -0.8865311194169667 0.7210905715354492 0.4919911818496173
0 38 -1.334345553257939 -1.2752883925210083 -0.9385627822675415 -1.8866523020414214 1.0925801299874314 -1.279606462299953 -1.4236668837924806 -1.0159068340529656 0.8815485041477916 0.4800103779737536
0 39 -1.130803032139471 -0.9548978223507234 -0.8800965830974693 -1.511782437504856 0.8879283390983773 -1.1612549176015963 -1.169187887878588 -0.9531719238082523 0.7968199535986206 0.4702851415139917
0 40 0.3880639239423012 0.3735285657925496 0.31531945366487407 0.5515755478766655 -0.4107771036947837 0.4201447358092523 0.35529345320698935 0.22949210041509538 -0.37275329134270235 -0.17122243417643637
0 41 0.3258676927144163 0.30671943394652046 0.30738366131826894 0.5148751500755685 -0.3030950776108704 0.24682243169630141 0.4076330676283721 0.17291633945691504 -0.3298363061009135 -0.07581136394786336
0 42 -0.07782474905252457 0.00498808640986681 -0.07439809292554855 -0.06041807681322098 0.09181620180606842 0.09857381135225296 -0.058199793100357056 -0.0724741593003273 -0.05052247643470764 -0.025281120091676712
0 43 -0.03653320023886266 0.06468412271318302 0.035704656097580945 0.03681683071450544 -0.05882520203192645 0.03672593887492638 0.0738998312795515 -0.0677267237609299 -0.08718831782667459 -0.08781489894733847
0 44 0.07167098916744567 0.011705494143338702 -0.02995896605511706 0.07626210736821777 -0.06232528772304538 -0.04857086811915861 -0.03914905883599382 -0.03549985360522406 0.08112298110454326 0.017234854081029215
0 45 0.11450301443134812 0.0602394142850111 -0.059782325949036735 -0.025833614443727042 0.049956796510089024 0.04154956227488898 -0.03737005486343525 -0.046309410515091146 -0.052375127296678994 -0.00740986843247209
0 46 0.15794060786252925 0.21550078607332582 0.20330346937401889 0.18873591769187084 -0.4169683229218227 0.15517505892672512 0.19378407508480316 0.2306219308832739 -0.36111527579871766 -0.2674755268391617 -0.8063582675716002
1 0 -1.885119922829433
1 1 -1.9228900069882848
1 2 -1.825631735725989
1 3 -2.095086316263813
1 4 1.7353991711183365
1 5 -1.9128133807112155
1 6 -1.9432488345979677
1 7 -1.8114207908050548
1 8 1.5970268457300894
1 9 1.1292727837978809
