## LambdaRank
## Epochs = 100
## No. of features = 136
## No. of hidden layers = 1
## Layer 1: 10 neurons
1 2 3 4 5 6 7 8 9 10 11 12 13 14 15 16 17 18 19 20 21 22 23 24 25 26 27 28 29 30 31 32 33 34 35 36 37 38 39 40 41 42 43 44 45 46 47 48 49 50 51 52 53 54 55 56 57 58 59 60 61 62 63 64 65 66 67 68 69 70 71 72 73 74 75 76 77 78 79 80 81 82 83 84 85 86 87 88 89 90 91 92 93 94 95 96 97 98 99 100 101 102 103 104 105 106 107 108 109 110 111 112 113 114 115 116 117 118 119 120 121 122 123 124 125 126 127 128 129 130 131 132 133 134 135 136
1
10
0 0 0.09409492704340182 -0.07600120784528569 -0.05485152804201095 0.06919541558806669 0.054042215223618066 -0.005950043226937381 -0.06744041185347172 -0.08759216033844935 0.03150196907321356 -0.09224220283980343
0 1 0.09770383111391677 -0.06982867351978986 0.09547273680300918 0.04083775014429659 0.09732218109660025 0.0808904726803796 0.045744585096504566 0.0995420798450405 0.060037174683369034 0.0914808266826736
0 2 -0.06110837027419422 0.06889849709980002 -0.04069288056908796 -0.05166051663293756 0.021075330087047008 0.005127413827035362 0.07176651807465646 0.09913012885440901 -0.049461127241512 0.09040108527476574
0 3 0.022423407293726744 -0.005805823252101079 0.03364735346112817 -0.07317055813396893 0.019073963199140096 -0.06771043385486426 0.0772968791102467 0.0777316441006499 -0.08417269619056918 -0.03626341537548277
0 4 0.0070475364031057485 0.029669034391824372 0.03759669997884141 0.07310352959118044 0.05714123320921489 0.05598685100759976 -0.002454799555282177 0.019224047237423242 0.06831236100140438 0.08290935822905074
0 5 -0.05133775289400715 -0.02230664001851934 0.03135509901635133 0.0841421769410125 -0.04708291570938351 -0.09816059995755057 -0.008599849925766751 -0.09355888620975789 -0.057042432506022756 0.09689651616381288
0 6 -0.03639048214990176 0.08122223464733429 0.036394455443615185 -0.03526420224448958 -0.018111627397585577 0.09312664684991166 0.03795459765263354 -0.058990470824951305 -0.09558247198537867 0.04622176054634608
0 7 0.0369103046538673 0.08562846352759135 0.0963612109396244 -0.0716885247503893 0.09908773262995152 -0.03319734047287754 -0.05556135645750308 0.05158021784490869 -0.053105960325421746 -0.0733899219114015
0 8 -0.004087999481412137 0.03523641451286433 -0.09131142933234897 -0.06021783325362438 -0.04367307840636991 0.007528643930530422 0.006359994516552019 -0.002877700540740503 -4.164536360780506E-4 0.04847051796685703
0 9 -0.053483028006448365 0.05648238830433249 0.005378798517128963 -0.08714147229729621 -0.09345025167179649 0.032949866709405626 -0.06306200362078138 0.005035389492800242 -0.01238840909174908 -0.021801773609869433
0 10 0.36633545967618414 0.4097547496347624 0.07875621589300898 0.3037241065120791 0.026822990159725273 0.2900742323620025 -0.491468776418052 0.20304931661399064 0.4104458776712782 -0.06518707908564177
0 11 0.08330469794142836 -0.07371215053323919 0.09378701033308605 0.04024559464639119 -0.0537167630335786 -0.0558647807936635 0.034852944350267874 0.0031679208556571344 0.026722799001790618 -0.02918899189216217
0 12 -0.03400957853357666 0.051051994308012535 0.025189183759852733 -0.0894751210736267 0.0773712594103232 0.08332688594197256 -0.07091512736203728 0.030937396587660638 0.03514896342801278 -0.02154698315851574
0 13 -0.030855100373089372 -0.039599715455515855 0.04592414554602696 0.050618275934235804 0.06325728727943922 -0.01772633204375382 0.04706585368122446 -0.0874600409059689 0.022266337764069076 -0.030841398146914785
0 14 0.30976188121508647 0.26738300554926275 0.16712072339510511 0.2157656574135328 0.14861326244595946 0.31529830221375343 -0.5259991930935981 0.33678348315246326 0.4084250633736001 -0.05233425711556082
0 15 0.05778800343469815 0.09161191746533262 -0.01004539125638699 0.07106716917721495 -0.07046468129334559 0.07152063304693318 -0.027810345166282203 0.048210555714071866 -0.059481599709273233 0.024262392970705777
0 16 -0.032389365944478124 -0.04254299915234529 0.08981942888247003 0.0348621534527186 -0.06583001354461372 0.042056680444312156 -0.09920290706446953 -0.051564115936495555 -0.06223765562245709 0.08793069578288125
0 17 -0.06918096649945987 0.030794940580616176 0.05360465555459075 -0.021700948307714022 0.0488567226029461 0.03541145337126048 -0.10997060123302285 -0.0745636652518687 -0.03356942639706034 -0.007602347707494053
0 18 0.034597327202142814 0.09020951946978405 0.01041459601348136 -0.06583882599898866 -0.05586880910035037 -0.01324024985445682 -0.029325972602369146 0.03842307156191926 0.03901929332182641 -0.007708482754323986
0 19 -0.008753126009274302 -0.08586522481856715 -4.057645174862251E-4 0.07966305202773108 -0.04910063351325989 0.10578878241521211 -0.03488782874437199 -0.013040025490037776 0.0684883328787941 0.013417368083302591
0 20 0.0623479363037565 0.12828834118127333 0.049594565864098855 0.052177302313179595 -0.021137994011769728 0.12036830551836022 -0.015384799598642227 -0.045387532204643186 0.11607401378778817 -0.021494175704071417
0 21 -0.02094375525036394 0.02683644868696008 0.050749029334381614 0.07970446709351327 0.022456750173995642 -0.03280846609623569 0.0749561225217387 0.019721968474803262 -0.07855144639047086 -0.09327594764443331
0 22 -0.0905435112820191 -0.045076221686642486 -0.026751072138662357 -0.022626128412942745 0.0895493768998222 0.066297460907706 -0.06372901113595238 0.06283018897412748 0.10247380249182834 0.09221943412064118
0 23 -0.021988416819375762 -0.07424291961867595 -0.06877105823603953 -0.011771912426481238 0.08643402086489514 -0.04965248177255963 -0.08694368633995571 -0.010516150330768824 -0.004390116781353455 0.09744446665980927
0 24 0.04156731432086963 -0.0443069353723504 -0.07478633855075194 0.1234669131433073 0.016528071981513643 -0.05104707186367832 -0.037056129501417144 0.02298374852208227 0.009644766391958744 0.04270690603743232
0 25 -0.06782618303161561 -0.0867001648292168 -0.011027285257099556 -0.01682035850865721 -0.07627459713591792 -0.013325611487992876 -0.025702647216948822 0.049390728754176445 -0.008647923504716099 0.08263590491880851
0 26 -0.00880304646630739 -0.011833357108976938 -0.025799448674176967 -0.06408263612765652 0.017375294820309167 -0.03148462243710361 0.05723741717341432 -0.01166443690661055 0.08917970623777573 -0.04251210650064564
0 27 -0.03187649700324033 0.04634436028391428 0.024390482966957516 -0.05872733538782444 0.016384917787166196 -6.380275614968616E-4 -0.07570157516424098 0.09827377135904715 0.037699823741050346 -0.05717045144527039
0 28 -0.05742621896280451 0.04033869134704672 -0.05220101426392305 0.0067507360528351375 -0.08168841651151913 0.01614674715659488 -0.04225636628580041 0.04508536134133555 -0.06057039147917539 0.018167552006770876
0 29 0.05712040702828106 -0.05767311039193069 0.020132156556132867 0.08469348045359233 0.052317488020207595 -0.03290813819142485 0.013540673458382177 0.001028736726813455 -0.04975866076045783 0.008548566577832732
0 30 -0.031241978587303886 0.04717649103187726 -0.08633681902573107 0.06492693261879606 0.028010457810595295 0.06595498901531978 -0.009361186834045259 0.04710571555290825 0.005118300125241177 -0.09850912884520889
0 31 0.09780067842245402 0.09017385306274041 0.024733345771801505 0.09447868750801577 0.03671037661630542 0.06896505661433686 0.0627548196136176 -0.05712658937984612 -0.06316874665695726 -0.060677599364624676
0 32 -0.05551416816658758 -0.014072431062114057 0.03340072986852665 -0.08469948012702318 -0.05280485433634166 -0.017527160025459898 0.0762116330042525 0.05402032374061564 0.03668834055835465 0.05931301736555317
0 33 0.052482781121525116 0.014392441690774587 0.038741865690539806 0.10031650581613549 -0.09307912093959009 0.03388000857211879 0.0010865454524774149 -0.04299044031349068 0.08392084765187824 -0.08805763063317054
0 34 0.038413892868589886 0.09641848679670968 -0.09044212596380034 0.11229286560527534 -0.038326711872802906 -0.03508227292397013 -0.013634067736441206 0.03315697296510109 0.05049611955448415 -0.09908184779339835
0 35 -0.00510780074184351 0.11184018029416283 -0.012069266283263883 0.09174114174499198 -0.08008098260820076 0.10113352498112009 -0.033285246682673894 -0.07284842750169501 0.11493757115644665 0.01847236450451557
0 36 -0.042717724385103094 0.08437161175200358 -0.09810465065380265 0.006958911020329579 0.009748327756875274 0.046532784676787245 -0.020034495017678185 -0.03597085636486867 0.09081864174897238 -0.005292207230043046
0 37 0.08624152241112096 -0.034063882212526944 0.09371799941031578 -0.05651230538106322 -0.016803717276087368 -0.08994618393325167 -0.02117595446779696 -0.09191533501151214 0.0331511219846666 -0.014143976765732038
0 38 -0.002253073196903657 0.09094522883958864 -0.08193350493026465 -0.08279712918215161 -0.048793535407717845 -0.025511922821204385 0.0473405232267328 0.057828621243253615 0.05854833656684681 0.018762141872365246
0 39 0.004552607238852191 -0.016778625228445785 0.0015019216221996779 0.022110580283886478 0.09747122520702957 0.05601298298071329 -0.0363805283775127 0.023216776013685075 0.03594992608790655 -0.09253264811083377
0 40 0.03026571802004779 -0.0726635812857068 -0.06089997633210868 0.06041451481709727 -0.0516274924629557 -0.04021049108848959 0.04552250806671244 -0.0872105843322204 -0.09158574532848225 0.010520298315826645
0 41 -0.05423641003812394 -0.04256233756582654 -0.07508875335749386 -0.09710236746706925 0.0972895917073461 0.02525310014414955 0.06759435574553115 -0.09184477394240084 -0.08786875042523852 -0.011162750236415846
0 42 0.0828262872789948 0.08835658900414235 0.09054560899833723 0.025764597717489728 0.07864716516295168 0.06418644570565321 -0.06703899755639106 -0.009187458278760042 -0.0690957755779734 0.011262508085616631
0 43 -0.09871379921504198 0.008359883974860349 -0.02160830087176085 -0.05321247931116933 0.07496852417655372 0.0706421435486605 0.013759970691111217 0.0953266905295875 0.04200245158923195 -0.0784589658775051
0 44 0.03375420922642249 -0.07215695970038563 0.06042516313127401 0.085474129307362 -0.09313953182627349 0.03686773948796324 0.012251045452398131 0.010730205133955383 0.041634033224126225 -0.03909882317084555
0 45 -0.07862381585390994 -0.07710656610238967 0.06944451198418933 0.02385776365879414 0.034964302467199365 0.07048068407819896 -0.03277890674651582 0.06986922191982237 0.05063995234298411 0.08972843653239741
0 46 -0.01801691976212129 -0.0010998776936587673 0.06135735759955534 -0.08083774705078502 -0.06314043107575384 0.03967374141678423 0.0421397237718537 -0.0016837655501996725 0.020456759206114283 0.05278849975711428
0 47 0.03501519485690482 -0.0774875702284248 -0.05892715347170604 -0.09794909054445192 -0.07680110226006782 -0.04719063670854378 0.0152314730139252 0.031392458010428316 -0.02674629250405124 -0.027142684910047975
0 48 0.04790817784213162 0.06229249970981212 -0.024062698180927693 0.03708067421863122 -0.0895007453581621 -0.08723299049490203 -0.08847606976775715 0.020630260419371535 0.0662106757574446 -0.06679915210254787
0 49 0.03955359420098943 -0.046190365205958796 -0.05278606809764819 0.031998840597644254 0.049845444040728396 -0.03458839683277611 0.04322787777867365 -0.017273878064257866 0.044882281826933206 -0.06821514414876108
0 50 0.02996559980803508 -0.0595735146229724 0.011170975032469211 -0.04635608930227053 -0.0693426093960019 0.08499927879963753 0.07012266711657954 -0.023888974554394996 -0.06787187255187858 0.012514626515980013
0 51 0.025266948140535036 0.026972920505765236 0.08469306754992195 0.03053053583899261 9.659193901236878E-4 -0.07682359211120658 -0.023960854251992316 0.06624922976653068 -0.047878239793608536 0.06448519114103103
0 52 -0.05837642947170755 0.0584724649547387 0.09936152508142576 0.006275560491125168 -0.00417702213002581 -0.05743702695782546 0.03065865622424563 -0.08473575831557766 -0.03965009804652085 0.02849334867708722
0 53 0.09456781002189925 -0.0241516698333339 0.05598061080860732 0.09531057157002722 -0.0639921336049367 -0.06884564621247478 -0.09495247114665036 0.08144544692073465 -0.06079137776656517 -0.04943216820333632
0 54 0.035822854695884206 -0.017388985015207938 -0.09959639687250275 0.08848031900460024 -0.07035967102623056 -0.052463347932632125 0.02760588670395316 -0.06739087730159313 0.007403778423635838 0.08996040700302176
0 55 0.015419809019371615 -0.008208195201643412 -0.043963997637387946 -0.0817652568312753 -0.08990551628369509 0.041648316301784005 -0.04202287851489909 -0.05903888046157054 -0.09671506318366502 -0.02623020689934965
0 56 0.05017947177049976 0.04565417614602897 0.014579120569473733 -0.0571098927784052 -0.022796001747803718 7.340967150319623E-4 -0.046694979421314446 -0.0487790210905966 -0.09404955432246703 0.06429733746306587
0 57 -0.06029560547777829 0.009267398610896621 0.07936077838898006 0.03166853941816122 -0.05184511488663862 -0.024332658788342117 0.09337880903119909 0.06594658789500445 0.058649418192618485 0.06696414686475545
0 58 -0.09956498937913723 0.07457373307674885 -0.06734524397942934 0.0824034264667946 -0.008396676574818828 -0.005262481127835524 -0.015501018798790364 -0.08020631540399191 5.711829733058544E-4 -0.0925502442863462
0 59 -0.09322626694480465 0.046384341453945106 -0.04634276843457842 -0.07463810246808204 0.04481030922173991 0.0038881147345010835 0.049236465660361564 -0.03328606397540867 0.05832379839485922 -0.026990418773015595
0 60 0.06202409316444526 -0.04839458348956936 -0.03464240874563646 0.05711112436640704 0.07063639355257262 -0.04992181734127528 0.03586927793085246 -0.0072815451549862725 0.08061273828859063 0.051752914417100525
0 61 -0.0014127083411738578 -0.05080858486317838 -0.08071088174681126 -0.08935486883588355 -0.05355485490140329 -0.07375328084480719 0.013989682173820413 -0.0488421216416209 -0.09870236432377912 0.040635527535003095
0 62 -0.030619020416461293 -0.06396363969390834 0.07355981330047931 0.06403528265181556 -0.05554167514633859 0.08331667413389973 0.07301292210808907 -0.09143231228446572 -0.05622384202548872 0.04851613958476304
0 63 0.05431733866856118 0.026319110703582616 0.06513764894719465 -0.020195684683894155 0.0894581004091903 0.06601576597908894 -0.059182867873805146 -0.06471061564849265 0.02344888632823955 0.017934820142950485
0 64 0.08502182818976863 0.07641371002944733 0.06399312782589076 -0.06547469752015543 -0.07083020198346383 0.05170643158231852 0.017987242026073023 -0.08387992385595444 -0.04766555463675348 -0.030095293603631956
0 65 0.08308903407694139 0.09176572868443571 0.07771345790836205 0.029443522408158614 0.07550692390057136 -0.09213292704149309 0.0639862212417773 -0.051174102820252636 -0.09301042151988334 -0.005516751875143842
0 66 3.5732000561084735E-4 -0.004173655848544716 0.07940662334635157 0.021311130263894414 -0.0035445571224443 0.09666889050707733 0.08522127261442922 -0.09800264589204347 -0.05964887426914601 -0.07598643766973913
0 67 -0.09466170733633227 -0.023625821575043063 0.007464816633087474 -0.054228010451179594 0.019732570586378784 0.007167395086176243 0.07634512239072563 0.043076120483558376 0.046576232819544344 0.00961234532417956
0 68 0.0940701891907048 -0.03586687738726289 -0.05547799910491092 0.03902603687668681 -0.08033728864021696 -0.017224768379261433 -0.026099185145107263 0.027318558798905324 -0.04676969964895821 0.05041424039074633
0 69 -0.08239077564966256 -0.07922327320329817 0.030114888586773525 0.09188661556967083 -0.028263619302657684 -0.033392065766755775 0.09652881266302778 -0.008603722060090916 -0.07381492247962047 0.004056672702333613
0 70 0.21778675687623625 0.10519453433691879 -0.005613499669080842 0.02027380451110758 0.0061674975239329275 0.10990886682558383 -0.19883344955859097 0.1363555104896429 0.20204681580946268 -0.056027308689135434
0 71 0.0460225299965944 0.057930851940633334 -0.03203409704522805 -0.013433008696817727 -0.09562591281922012 0.0417544811914712 0.08942156343925528 0.08499700898495582 -0.061360037068763945 0.06178681001986665
0 72 0.002320242673884672 0.06819052733142673 -0.004108441966000271 0.02854967590742893 0.07818499983476025 -0.06696777571966284 -0.005305713210017035 0.0684315743416445 -0.06937148020862262 -0.010258423122670867
0 73 0.07412917619591482 -0.03385482164394485 -0.09379340950114018 -0.06636277680113704 -0.07024770541608474 -0.03395710051216597 -2.52684213519672E-5 -0.02852565361054293 -0.018326374643303507 0.05546043859975834
0 74 0.13772811392019005 0.20535336642905994 0.06027859001536494 0.07021357092080763 0.12065407577586854 0.18926896872026133 -0.29656273104950104 0.138242349000318 0.09434153528887491 -0.06741753798646578
0 75 0.05899140262474088 0.06108337385825953 0.050034433462192926 0.0063331551824795974 0.09012329910002201 0.05161572220915242 -0.02599219153191244 -0.024411521500389367 -0.013388549239114325 0.06746326398633516
0 76 0.01276093475009223 0.012951752941215729 -0.09325443957867308 -0.04129428789570151 0.04946237024186459 -0.0581424911216821 -0.05658638640968105 0.061761818435643774 -0.040198680988974826 -0.05320084649926293
0 77 -0.03209279810334303 0.07262379986020795 -0.08911479907803603 0.07258636120461895 -0.08126752385474356 -0.008035709539137209 -0.08276019259572683 0.00721902725871792 -0.061596747977810604 0.04310919951829519
0 78 0.08088877231995463 -0.014985912949555728 -0.029417574996752318 0.03900303033786756 0.05808934996843855 0.04190511852233873 0.04708875190185433 -0.04766331062011863 0.04216902255005268 0.007607071228444811
0 79 0.10246596988752019 0.11222824109576965 0.10659993928863129 -0.0033327944543093914 0.08939987754547102 0.0029490286291358222 -0.1591864010583915 5.856057889169388E-4 0.03301392684748196 -0.08581186868239324
0 80 0.035019041602083585 0.13672571390893928 -0.02658300935613372 0.024537703185202226 0.06022388497966201 0.13293284424799673 -0.13969093187566745 0.1445773343918568 0.15171065889187133 0.047827904722567774
0 81 -0.029466896729833016 0.03947985739371317 0.055251603410965404 0.01175938388207503 -0.02343837464605075 0.01759299870265066 0.007963748820113819 0.005815370021357444 0.07935894668165355 0.08098948218275796
0 82 0.10587811709260395 0.09354118274534695 -0.004581526013421609 -0.08870964453982065 -0.08431121653331224 0.003659102239375972 0.07543699888040173 -0.02874480750315892 -0.06604148787132028 -0.09740341681003449
0 83 0.029245591879826446 -0.022252688048893115 -0.05895235967944463 -0.013206321967271563 0.014694848137837236 0.10380709111397313 0.032172308456925466 0.09659241222366723 0.03714411113401269 -0.0863642603874802
0 84 0.054811236119622374 0.14201569502929004 0.01815508302027866 0.10385778028475265 0.05061744916539446 0.05008725450638256 -0.25306828652714564 0.02443631294525113 0.060543070249690946 0.0758225132448885
0 85 0.025033833358608967 0.03761005084027465 0.06957037131809855 0.10996346750963128 0.056906821633345206 0.08202225187555869 -0.006966560257557379 -0.01683629395445345 0.05904228058245127 -0.054817390584397496
0 86 0.00732823965272651 -0.036162107986799544 0.006465458977687869 0.07358253036334367 -0.06096459380486704 0.05564912935546017 -0.02103266697503291 -0.07111728067280688 0.014446106166478902 -0.09945067119359485
0 87 0.0988580578541963 -0.05698053291437897 0.030053434862987706 -0.04738276816854083 0.013098024924797329 0.03780010409945443 -0.007140620702048925 -0.0739512470951782 -0.04323520229049615 -0.040025517402876666
0 88 0.01384394916325003 -8.454194817142173E-4 0.07025900785800453 -0.027003734521001327 -0.02835028719671739 -0.0888555756832579 0.06347812193050015 0.09870153033620742 0.03471730627151731 0.07922558153462199
0 89 -0.01509793087098203 0.09368377871267211 0.05915837746986204 0.0012610426063345448 -0.029785962021811264 0.17887270531871444 -0.03499877784455166 0.042855127309065356 0.03343937560990722 -0.041435837237460915
0 90 0.8639368735393297 0.7617699183429658 0.18504282558282148 0.6400825797954979 0.3125311084177826 0.7672909198249784 -1.1511788467053559 0.5410857119278348 0.7233638103450887 0.05692441734949181
0 91 -0.033489845381364215 0.10685595150357181 0.015090422124785115 0.07651375919065731 0.003752308250189017 0.05480940174278001 -0.08617923329736095 0.06894404733723483 0.03913783468652114 0.03865489334345735
0 92 0.16551945970430787 0.06545020695124494 0.040874912684631566 0.016065937279276778 0.0070351324329371925 0.11983958091160316 -0.044237435601860116 0.16099383645337567 -0.007529816974999307 -0.062165712967593836
0 93 0.09780083499380983 0.04335016080009303 -0.06051010481334957 0.059745576346363675 -0.08403612076347598 -0.03365145193090631 -0.017815210155931613 0.10194842789634251 0.054915359889366105 0.062320012012290815
0 94 1.3218017423336204 1.0618346851359606 0.348070891959285 0.7454216415964031 0.37453929793310753 1.173518579493002 -1.6160785352173903 0.9643545811704641 1.1341216965740817 -0.02792439307173686
0 95 0.020287774922353608 0.04810130483741756 0.09209730057741883 0.04094263646185156 0.08439142625105525 -7.100879795739442E-4 -0.014099694148817855 0.09735957241930561 -0.05256193010573158 -0.03495308829920607
0 96 -0.038139282771300825 -0.0845134043926702 -0.04499921554216082 -0.08037780223074799 -0.028369943354873518 0.05548677709186175 -0.035560643403048466 -0.04415152188623026 0.037236217715397604 0.05376679962630865
0 97 -0.07913422961774773 -0.0516588807447698 0.03489954905517934 -0.0704903582158467 -0.08763568307818671 -0.09058493764505977 0.08337229719233952 0.02765438149250199 -0.019144067014535103 0.023982862021775502
0 98 -0.029026706908209115 -0.04020118966617575 0.00149053676595454 -0.04024165724368766 0.07384512930754622 0.09640389652375103 0.00887913092799195 -0.059143225672412626 -0.08938737774696795 0.09113079912695839
0 99 0.031194018232995998 0.021141143927254188 0.01736037954303635 -0.06481961609524343 0.05115496157317334 -0.02081361949333347 0.06251317471862909 0.03837825792944598 8.294870264677341E-4 0.052723490499665945
0 100 -0.07739324381381756 0.0477826752301879 -0.02058345552866352 0.010777456136498062 0.0915282062418484 -0.09054020396739829 0.009036081247936355 -0.06917024766824718 0.005470234145725857 0.0678319823767771
0 101 0.05615118218716341 -0.0742276101997501 -0.04433457905909741 -0.0653609907656832 0.029536262738008242 -0.00897719535280785 -0.06246783379997198 -0.059803807553022566 -0.020566948344818144 -0.0261651852357888
0 102 -0.026027889605791454 0.03355600130946028 -0.023642203948554298 -0.014301107911603632 -0.029337415643397684 0.09456647642630042 0.009137932823795616 -0.06761369087107615 -0.0689519152093049 -0.03976698344789147
0 103 -0.07451599064845829 0.09391801848487573 -0.09423908816443413 0.06940616048729292 0.05108396167483773 -0.014020457087913588 -0.00535183553969503 0.0870625158977135 0.062165017514659124 0.08782878695367934
0 104 -0.050732670224432196 0.09457924774512487 -0.08953520698959518 -0.07445015626492342 0.013738509409320617 -0.008197866506419349 -0.018632166743279797 0.08140234576140917 0.017075527260044843 -0.09210840815501589
0 105 0.0428360376890963 0.05577454495669724 0.09830908859465622 0.06487418716338754 -0.0871685204781405 0.0026025288341335 0.029943323783970063 0.0623325711617782 -0.040861213451839816 0.07777487797873375
0 106 0.03085260602910743 0.03885288722342507 -0.007143713512610579 -0.017586890824373137 0.08368156128143615 -0.08499072815992625 -0.05524287556330647 -0.05190644554215068 -0.07796949431671193 -0.06372124557258102
0 107 -0.05494500324809387 0.05227034396206505 -0.08700057800404186 0.010817631115777923 -0.07001740432439992 0.10879504082241857 -0.015200168684542683 -0.03183782639111495 -0.06640846466045607 -0.013993191999433332
0 108 0.10918092575142904 0.03257293632570228 0.05429029832023244 0.0944259145825403 0.033502865689163976 0.0891640710509281 -0.09343993791312978 -0.02367738833161137 0.023377711773743592 -0.030030017050347392
0 109 0.009165353723177002 -0.02691548021541291 -0.05030593147338623 0.09512430679851452 0.08755617471128675 0.06751036498430325 -0.1212611662411844 -0.019557281321710418 0.076612886353524 0.039551536929365194
0 110 0.013623402221545287 -0.1066110445094269 0.007977402666795872 0.07945514394146805 -0.05699763941483634 0.06714760746887746 -0.07526937699444118 -0.07931260243979413 0.053034027975152054 -0.0721858532049758
0 111 -0.09181353994856341 0.0033362170120457583 -0.08039959777952989 -0.06216258758379862 0.08083044322717545 -0.09632143520226213 -0.03297529002237115 -0.10495302060548709 0.06846495181574871 0.05042605400669922
0 112 -0.09790489447300742 -0.10397585596496221 0.015580482631169528 -0.017465105523073853 -0.0621134364385015 0.02430104277588737 0.09273779736903856 0.07362511126750934 -0.042385727896717705 0.07458782333493912
0 113 0.050012858087544146 -0.04877877443093014 -0.0832050574909214 -0.10744084691172785 -0.06581770540921653 -0.11645658823479024 0.10280163088514997 0.07398613755132526 0.038042164686241386 -0.06087117682893282
0 114 -0.09280449806553082 0.03616645949337303 0.09472753596188573 -0.012324265015574761 0.07136109210280847 0.0870639454110008 0.10980203147984993 -0.05889130704488954 -0.08471827965264811 -0.031113405941315415
0 115 -0.044892376253658856 0.023443207743848195 0.06823284007513102 0.06038161801987979 0.08044021130044918 0.03290577161170045 -0.034788894069722104 0.0450956712291828 0.043227858690893 0.07199510576182441
0 116 0.02903432694175336 -0.05665118433994897 -0.004107429879702942 -0.023987130475378957 -0.1064468942344314 -0.013037054936748272 -0.033398327630395054 -0.01184422630631541 0.029290580931210865 0.0597014764797646
0 117 -0.023083227942235992 -0.017349707446842985 -0.07312894983954904 -0.0477476098535615 -0.04310890433725982 0.021589872614948463 0.003142755586890526 0.031732303726217534 -0.03401198135101836 0.007010213645105868
0 118 0.05198681848623486 0.010590602178252273 -0.0673546983548851 -0.0739776638485691 0.052757016095846675 -0.11915323009107204 0.07559641098315832 -0.041386107056803956 -0.043650266637792236 -0.018657029689838806
0 119 0.044265228466384476 -0.013577571452504425 0.08108462172647354 -0.005601774556162807 0.05195090049330108 -0.06386866000753429 0.10049430150327447 0.044151831827053775 -0.006395769760064141 -0.05459983526200446
0 120 0.01889928983250533 -0.06050626903526791 -0.04602183193057099 -0.06286950295294805 -0.03227212869943524 0.007433425539864355 -0.04668700973553965 0.06027190662144558 0.04921212961210792 0.040806791077521734
0 121 -0.08532997015868005 -0.01773765574850197 -0.07774326308540926 0.06010347326976313 0.009191014961543223 0.04165098202238827 -0.0736913615892999 0.053256680999592146 0.040339338365370826 -0.08437515642266495
0 122 -0.08988863164728024 -0.10439972670694536 0.08278401921671047 -0.0959512042904721 -0.06280923566496138 0.05577253639449637 -0.024626095642102042 -0.04413414316754776 -0.05339401998959493 0.05619449473814217
0 123 0.019992505226913107 0.07983387437244763 -0.09138446930237401 0.03632825548290517 -0.09734942610119714 -0.011638566279234465 -0.06115266197393236 -0.0816383680214348 0.016745811070514784 -0.09354480670934211
0 124 -0.018744921975325304 0.06582424668577644 -0.04326104474174511 -0.07051571326800285 0.0017064783694136579 0.006363142966509162 -0.03175349508432204 -0.04118178910640773 -0.08766799742085483 -0.09501730309010986
0 125 0.09783318798051828 -0.040242909045364005 -0.06160610360185866 -0.03125825752846454 3.9830506556927923E-4 -0.0034678326300481323 -0.10295989356485799 0.020541380852394403 0.027205003961341873 0.013004939210026443
0 126 0.016974727739797125 0.06518806927154086 -0.01001329551860607 -0.0019201911739531324 -0.07338200145121078 0.055255523004144234 0.01803418141647318 0.016000698732867184 0.11526385235824675 0.09869339406195363
0 127 524.5505026553267 468.2620995185255 172.22550659745872 343.5321497733682 150.5265746743003 520.7526941261558 -700.0880248901251 385.6076994321918 496.7303632612727 -7.8340937505467645
0 128 0.004067620661786948 0.019760647575496827 -0.027360124063105826 0.009975453585186244 0.08432535788966336 -0.02258639093008043 0.043283562097531814 0.03292574671594685 -0.06338578506935094 -0.042905789892610055
0 129 38.860660292053105 34.7705312019888 12.83032008897883 25.54635596213124 11.140151359991053 38.73306368249369 -52.59389600432452 28.5412816621729 36.84185259213757 -0.48985463777854554
0 130 50.472814975873064 45.11379293082394 16.6497702589066 33.01755050680347 14.441560582619452 50.15490368009178 -68.2473129940837 37.131568328507534 47.828280223583455 -0.7864498356127624
0 131 -0.020584555857239468 0.10374145888480123 0.04229296116958261 -0.032851829583992895 0.04720472060320553 -0.03014189266114773 0.06693237453538159 0.08754014221300507 0.05565126227004305 -0.013079228092179478
0 132 -0.04766827131821493 0.07699860665102584 0.031224319887613677 0.08558611393688188 -0.08136404404092631 0.060620093734450556 0.025263620128773052 -0.034429457735262355 -0.06387756497278292 -0.025586163857858963
0 133 3.1479296035572526 2.799383568886613 0.972463429943867 2.143874357805481 0.9958460521455059 3.148298151039787 -4.292774643524377 2.3931004146987958 2.955637337118595 0.026876315513428214
0 134 1.604629729255046 1.5102932258847133 0.5308067722753086 1.1247239896595036 0.47345375516439747 1.6709113606786028 -2.1508857062446145 1.2813775177308404 1.4757592051068522 0.021434452130835824
0 135 70.87599384552422 63.299326634594294 23.358412634220688 46.445749744666195 20.413021079433793 70.4060846554551 -95.67346610852074 52.05146698760746 67.1013244378006 -0.9827904228528968
0 136 -0.05564945105209588 0.007022947138811095 0.02837401429284429 0.05813351281903444 0.023010662335111242 0.05868681505880779 0.09289374347915941 0.06896276570453558 -0.03986616853022014 0.01805541454645305 0.04618703201413067
1 0 0.09199704229831886
1 1 0.0821770280599617
1 2 0.030211245641112428
1 3 0.060287378728388734
1 4 0.02640629932284343
1 5 0.09139066934585792
1 6 -0.09780510514974655
1 7 0.06763258576393373
1 8 0.08717028796673036
1 9 -0.0010969877475871359
