## ListNet
## Epochs = 1500
## No. of features = 136
1 2 3 4 5 6 7 8 9 10 11 12 13 14 15 16 17 18 19 20 21 22 23 24 25 26 27 28 29 30 31 32 33 34 35 36 37 38 39 40 41 42 43 44 45 46 47 48 49 50 51 52 53 54 55 56 57 58 59 60 61 62 63 64 65 66 67 68 69 70 71 72 73 74 75 76 77 78 79 80 81 82 83 84 85 86 87 88 89 90 91 92 93 94 95 96 97 98 99 100 101 102 103 104 105 106 107 108 109 110 111 112 113 114 115 116 117 118 119 120 121 122 123 124 125 126 127 128 129 130 131 132 133 134 135 136
0
0 0 3.7666561549174813
0 1 4.5138305739916555
0 2 14.886219346466435
0 3 7.281235002645611
0 4 4.59392420972836
0 5 1.2738742629961488
0 6 1.9566198293700017
0 7 5.494531856225159
0 8 3.6297928463079314
0 9 1.7571470515600662
0 10 -6344.291830537191
0 11 6.547038645833014
0 12 -56.65453471788525
0 13 -21.275473678093807
0 14 -6415.530037935491
0 15 0.007002055645197488
0 16 -0.0024954020016167847
0 17 0.03943451121447389
0 18 -0.010603928938279536
0 19 0.07069094479084015
0 20 105.89773598512265
0 21 8.908846134057768
0 22 17.30719853077209
0 23 7.8005295576253335
0 24 139.9877978671048
0 25 51.9829993548621
0 26 2.8729100524943787
0 27 5.805651766637713
0 28 3.03106738473898
0 29 64.99604985270537
0 30 30.60339237030148
0 31 4.977328743991291
0 32 6.610080864358764
0 33 4.409207909968498
0 34 44.9016905033849
0 35 47.99105126905228
0 36 3.9480209376588626
0 37 6.522169454028011
0 38 3.7497214020881047
0 39 62.18212235666439
0 40 -978.4411001379634
0 41 2.227296763076928
0 42 -6.554939577580339
0 43 0.28248400034330334
0 44 -1033.6885762457855
0 45 0.5030111757230585
0 46 1.4327921868423983
0 47 3.3546986406504997
0 48 1.171181042911286
0 49 0.6455729037990845
0 50 0.230373349844443
0 51 0.5460533494788395
0 52 1.145390327873835
0 53 0.6610217480512366
0 54 0.3494121007542284
0 55 0.3344682700198524
0 56 0.8468520971997798
0 57 1.5356898184691294
0 58 0.7315493371209737
0 59 0.3110082307024769
0 60 0.29635825069628635
0 61 0.6516726436819009
0 62 1.333086881061464
0 63 0.7129067507104683
0 64 0.2895257639562996
0 65 0.012418663723525562
0 66 -0.044923929050637496
0 67 0.07342399483870031
0 68 0.09474457716997178
0 69 -0.01625976126442315
0 70 549.4759652155736
0 71 78.05554683437026
0 72 137.8316931353267
0 73 75.48873851660372
0 74 702.9688530668233
0 75 202.45444021481285
0 76 25.572912142544812
0 77 42.162552010533375
0 78 30.59038159087939
0 79 259.78955943670564
0 80 273.6884690384443
0 81 47.54223551625124
0 82 65.95638333383486
0 83 51.30001874847752
0 84 364.7308505185759
0 85 250.24333986634247
0 86 36.31847817491587
0 87 55.26064894624539
0 88 40.27990916630533
0 89 324.76111193069823
0 90 -272.19874057853735
0 91 212.86277280991996
0 92 -392.79602253815324
0 93 49.32219901878998
0 94 255.91812255275278
0 95 1.625094264129442
0 96 1.5725246185277242
0 97 5.340004890607556
0 98 2.8826281693384486
0 99 2.251894544747308
0 100 1.5465764960150603
0 101 1.9429749078384237
0 102 5.260919001735986
0 103 3.837166947369654
0 104 2.198615307915847
0 105 119.05572181764113
0 106 41.87189683425852
0 107 149.38219320527188
0 108 84.87590023726027
0 109 144.7234881906676
0 110 60.658934264578015
0 111 21.08354822511855
0 112 82.10656532577461
0 113 33.17557597109599
0 114 70.51208996574347
0 115 34.993556694103205
0 116 7.6108583597175565
0 117 28.87390787756633
0 118 15.104110334297848
0 119 40.63169522485335
0 120 58.58618029020624
0 121 25.91241852081503
0 122 108.33788211643461
0 123 42.48177738161812
0 124 67.24861746814075
0 125 -11.122468360680818
0 126 -142.83327251297132
0 127 43.01008848459631
0 128 48.88081396545254
0 129 194251.77765619365
0 130 19507.027162745755
0 131 6.564074774926159
0 132 -174.83976445131358
0 133 52044.785199781494
0 134 24838.916778926534
0 135 26169.003580970955
0 136 0.08495631814002991
