## RankNet
## Epochs = 100
## No. of features = 136
## No. of hidden layers = 1
## Layer 1: 10 neurons
1 2 3 4 5 6 7 8 9 10 11 12 13 14 15 16 17 18 19 20 21 22 23 24 25 26 27 28 29 30 31 32 33 34 35 36 37 38 39 40 41 42 43 44 45 46 47 48 49 50 51 52 53 54 55 56 57 58 59 60 61 62 63 64 65 66 67 68 69 70 71 72 73 74 75 76 77 78 79 80 81 82 83 84 85 86 87 88 89 90 91 92 93 94 95 96 97 98 99 100 101 102 103 104 105 106 107 108 109 110 111 112 113 114 115 116 117 118 119 120 121 122 123 124 125 126 127 128 129 130 131 132 133 134 135 136
1
10
0 0 -0.7122994352762014 0.3375109382937869 0.08304008416077416 -0.5544900306679164 -0.6066417837285428 -0.5333580685040858 0.719139563848798 -0.6462467989538293 0.13078729644274367 0.23003260163928774
0 1 -0.562700879490792 0.31549905358388575 -0.019434110208858775 -0.6983476419857569 -0.6877236886446699 -0.552832726895991 0.5780435967934369 -0.8150742249875935 0.18109335132552518 0.1182981996632284
0 2 -1.7800832075744775 0.9501275213934256 0.13544955107890905 -1.887501875273299 -1.8015602819174947 -1.6906968509738023 1.8129892221890471 -2.132813409192518 0.5756090317792951 0.39026980165968883
0 3 -0.9416003041982993 0.6157253614093692 0.1868137140431247 -1.0468053616925992 -1.084521954542233 -0.9113684625997963 0.9788271626458069 -1.1659100539265863 0.315798010366309 0.3168742466740212
0 4 -0.7476243451705139 0.3996061017356264 -0.019240640647846977 -0.7056031296409817 -0.5356161192450267 -0.6539602207078992 0.5948954329134717 -0.6769310787043411 0.16075181663688015 0.2146283516690359
0 5 -0.22284775188509376 0.23511001171482523 -0.008277001720996957 -0.2802002687693246 -0.35169313619783826 -0.19091642472113826 0.2777305033690963 -0.33162892282019946 0.0449458467633643 0.042845889865261486
0 6 -0.2924098010397261 0.271105233477838 0.10226754875952104 -0.24324705613952097 -0.24728627097241848 -0.3495448095104173 0.34809245170545183 -0.3906628253550109 0.016638968602797507 0.16547239278678114
0 7 -0.9219746750098422 0.510841323595241 0.10838173980641687 -0.8041683598288205 -0.8773433081078249 -0.8414169875080518 0.9449007455794819 -0.9297537280326597 0.14833094646858505 0.24097510641873204
0 8 -0.4292210083645509 0.2032370380832359 -0.012016777632562885 -0.4281271775100827 -0.552043928862335 -0.5242379326147956 0.45350583485787205 -0.528919814765569 0.05564361727338267 0.1284767476897529
0 9 -0.3605135860638496 0.13150799882421943 0.012290438271982718 -0.33011362906427916 -0.19253075738148695 -0.2650405615152674 0.3578934425311614 -0.27103449410991576 0.15107197448955131 0.13618752019549205
0 10 446.49107806041957 -242.93186321202762 -26.15105670457847 444.26225936033194 431.41069323517 405.8114049337399 -463.36743735912785 507.78087721895014 -119.46712450933009 -94.89978190150906
0 11 -1.9910970888319808 1.1203602822844014 0.24154399953086833 -2.0956088771425474 -2.063519456974988 -1.7912495161686208 2.1666204329561074 -2.3131033136583192 0.4829799023421344 0.5379100398244838
0 12 6.336520496563728 -3.732627269480882 -0.5491209572076543 6.306035686308868 6.158770872831656 5.755511113499103 -7.304515643688725 7.343627560583088 -1.8284213306242831 -1.423159389375141
0 13 -0.34075185225675886 0.252239515477252 0.03222071761186693 -0.2567688171866794 -0.2711092892752049 -0.3788625721710052 0.401284512528763 -0.3177567687970414 0.07260394771277699 0.1273228988950511
0 14 450.53714975350573 -245.27146455941136 -26.605303254883186 448.24294261603325 435.14881716451515 409.44283005647225 -468.2062460298974 512.2033357503352 -120.57361077025931 -95.71765350989564
0 15 -0.004496985117702861 0.08814722841778265 -0.01353721207707481 0.025909551307427284 -0.04715927259785401 0.04023237755275188 0.07212535256079793 -0.01147241432252758 0.050274950473719326 -0.06081277782163578
0 16 -0.08924576949895831 -0.03588101771725188 -0.0034510114412358104 0.01622995738132666 -0.07131357527607884 -0.05771650921539916 -0.06591100868299388 0.05175161420804977 0.024329820162294225 0.05977937571057706
0 17 0.06133996308762222 0.028811262814703566 0.04014623106527285 -0.055202109308168795 0.04190106204659956 0.0017931167472925683 0.10545315576641666 0.003999479133633023 -0.011431753471911915 -0.07158990011438622
0 18 0.06258027044338565 -0.020246672914362326 0.08882861942181412 0.08467332076285934 0.026539879028400746 9.427772599861507E-5 -0.08432627761681646 0.08118913128508314 0.006830507869520159 -0.04355895030707635
0 19 0.020275578788129987 -0.02782789687450192 0.009921342770773238 -0.02499477762494383 -0.04100714991579022 0.03372693514393296 0.10650912513764976 0.05683175414845654 -0.08489532179459033 -0.0025536203399621157
0 20 -26.913666002928355 14.393727527503614 2.7565775303233533 -26.69962142535967 -26.026481164501796 -24.475766275106967 27.30270213583002 -30.56760454235838 7.049873643821606 5.607028348892055
0 21 -1.278399479687342 0.6200620240662376 0.0586256453052784 -1.364038362288299 -1.2520773829303027 -1.2346990109802822 1.2581226313198886 -1.4712684505828653 0.39244934213468774 0.29882038847404085
0 22 -2.316710283136362 1.168891764252383 0.16245304405678976 -2.2278861687596816 -2.1455501695424988 -1.9628725565643694 2.3102940655158637 -2.5875282919233937 0.5732789385862689 0.45917180620242126
0 23 -1.135963356844295 0.5139674614549584 0.08507876606625553 -1.0540591353926585 -0.9875096625856418 -1.0863459567827582 1.1624090074284652 -1.3046333965023569 0.38035272266461284 0.14396160722671222
0 24 -31.640978162176513 16.942387915031574 2.9306718083376744 -31.502610124325262 -30.48081511600064 -28.76227402358201 32.052953013220694 -36.01786443309482 8.158877465047878 6.566361011917045
0 25 -13.89252027837908 7.5713296353691515 1.2870007834208061 -13.844626900441705 -13.579683161378666 -12.724661861925918 14.298656006077255 -15.90025939769176 3.797531155574897 2.8714911825977305
0 26 -0.6332344994204903 0.2246503058632264 0.09101489324010865 -0.48062725132112616 -0.5144363712259807 -0.49669159472842067 0.6195138213668476 -0.6999322837268571 0.12365432071168063 0.08054126175697952
0 27 -1.1362956698314508 0.5383369206848861 0.14268642187298503 -1.0786042892002985 -1.0755620898524623 -1.0501212830558335 1.1700833481056656 -1.231566658096131 0.21243325820668105 0.31437684184905623
0 28 -0.4598370844774386 0.33020677571983637 -0.026738570821462058 -0.5338889332480756 -0.3590809930523379 -0.4942200181833316 0.45485873738028443 -0.5282304190660829 0.14393139771210003 0.12190095568854403
0 29 -16.180851829150622 8.788515303705468 1.421957455443145 -16.246853955724664 -15.721686405210573 -14.829252872437156 16.795490571162595 -18.382471214220722 4.307781016195404 3.354201728961826
0 30 -14.945943338554107 7.997488049770659 1.6019458589712392 -14.813739077416512 -14.499557518514717 -13.577099516364395 15.018925791000399 -17.00817775600282 3.9453825905387587 3.168054635705786
0 31 -0.751667503834849 0.3630081946514531 -0.008418883738769664 -0.7355287969551743 -0.7422076777187834 -0.7052763685227246 0.7655350174839778 -0.8511907663715019 0.1810259368549444 0.08852758945340404
0 32 -1.003194172308669 0.583271543137407 0.062087847085461244 -0.8874877851915305 -0.8697960877462259 -0.9039533393539828 1.0039084676896 -1.1759871148894123 0.15561233135414373 0.23219903847418777
0 33 -0.7092876812266555 0.31633231194031985 0.023122261276934813 -0.5879966588591666 -0.705494978058107 -0.5161284604359687 0.7041579069222227 -0.8186745168365618 0.13831945676408547 0.19082591456307296
0 34 -17.21007099103377 9.181316709527973 1.8388646901233638 -17.08211493204402 -16.69376566142369 -15.642732618424182 17.367651069247415 -19.526432264857995 4.461417005712497 3.4455359312836196
0 35 -14.970062179594727 7.9753462531884765 1.5758324097595808 -14.841466539276409 -14.506075699555593 -13.571936593665065 15.326925878855242 -16.986090172495626 3.9401577050746486 3.0894651895291556
0 36 -0.6603419848026705 0.35877990871840093 0.10953456146995326 -0.7653230604899337 -0.7440644202965279 -0.5594552149885146 0.6262616286582101 -0.7860703285055859 0.21284062742417606 0.19772128279875664
0 37 -1.0272285564553367 0.6717563926329247 -0.021220009882434984 -1.0456392061112931 -0.9609335515725246 -1.0506458281799023 1.097608356239161 -1.287163292329109 0.26549918878868733 0.3274101585553134
0 38 -0.5265068748376976 0.3236600265916627 0.00889242143805915 -0.5197769136168118 -0.5947918198004735 -0.5964712110504407 0.6559155600003291 -0.5584971046010195 0.096203096847068 0.1904316768177045
0 39 -17.40529820446768 9.272806074582011 1.6022789753666316 -17.35220710509005 -16.687592543248957 -15.86676151431207 17.80373789291668 -19.826267741811897 4.664456920659487 3.570582482756268
0 40 110.37826930435604 -80.35758103324282 11.311086612976425 109.76984355762937 106.53914014010198 100.18812420802668 -156.27759225602878 126.67918978225171 -38.89520521138853 -31.674725540454062
0 41 -0.09661152205101257 -0.042601163605359864 -0.054097517825899145 -0.10699876874355813 -0.054461685687528315 -0.03573596717874909 0.15612780612739185 -0.2210875462965848 0.112481269019506 -0.016182510410316348
0 42 9.020925136858608 -7.284030292131649 -4.287928513369467 8.998763421468345 8.765077518203567 8.303131522666147 -13.852944678819105 10.387461297794275 -3.570593362428953 -2.8267546808655437
0 43 0.041552602965391656 -0.0579505033671818 0.06624396900709624 0.0259966672514017 -0.0992397079412428 0.05298143753849262 -0.04403497769780996 -0.14680806148782483 -0.05883581073894057 0.10974264797675012
0 44 141.35390184977908 -105.2981518765682 -1.315422565453104 140.81229702157427 136.81540004138617 129.04809791849164 -203.76518691059644 162.29689733143368 -51.14191917384833 -41.44935890137388
0 45 -7.782625099643621E-5 -0.052617488556765915 0.07760640514772506 -0.038503439868925855 -0.0735831827085618 -0.08854040114996382 0.0020045416737007717 0.02159159604758476 0.03759952024372926 0.01850444296026357
0 46 -0.14273000524159732 0.21101913383675663 -0.009919516359116453 -0.2911592285075463 -0.16010221238259983 -0.16807475212097567 0.2013596547165741 -0.2912269201225624 0.12562783561592167 0.02366863470583311
0 47 -0.43077923849917393 0.2673593310190044 0.036942331498098155 -0.38463325161796313 -0.47145610973281243 -0.3406124346499883 0.4505574026388462 -0.3612371292971351 0.042304017795558896 0.1546017066977486
0 48 -0.07069565856082484 0.0775351038412225 -0.008422178471038516 -0.04850141337048352 -0.18538922650004527 -0.060116516349647466 0.09224245389944769 -0.21387463077142918 0.013374334402485503 0.02955992899747677
0 49 -0.13439881469061815 0.04295485844286819 -0.08594172088589876 0.007884375436362856 -0.1393710428164973 -0.03199662715960486 0.09630711580045381 -0.07431016022200494 0.0620524681567705 -0.043041847730667465
0 50 -0.06855622049335683 -0.06901571340959625 -0.044846465136864 0.033807043361341015 -0.02375890010158369 -0.07356873331808889 -0.006869250091278496 0.026787862636215055 0.0706965378479247 0.0813459329461039
0 51 -0.19593021270834576 -0.028396149842956752 0.09378916345343219 -0.1952532931222878 -0.08298194976084121 -0.071437943825663 0.10521624422454233 -0.05851176926871008 0.056102450484631666 -0.0012216090573365706
0 52 -0.10717067829185835 0.1776808020051719 0.08156203780494416 -0.16793700605931783 -0.17595739314545453 -0.11000172269344466 0.15429689946621647 -0.14464434882729163 0.005905573272114186 0.07957278247648118
0 53 -0.12490161519102357 -5.963362657377484E-4 0.04160790920852145 -0.10933777669222801 -0.15166545027902728 -0.0458107041916823 0.08586380097486805 -0.019858847537028594 -0.005347590736763473 0.07897136636013485
0 54 -0.005689168237321846 0.03136675322931722 -0.017211270382847154 -0.11469968822975571 -0.08515546358226057 -0.02237368278384587 -0.003562643914317709 0.02548332182373182 -0.017585823235522918 0.062442075155770285
0 55 -0.08501538130951111 0.03818127769313216 0.09976091604248846 0.0569486965366206 0.05736397605442324 -0.03126102530442023 -0.0014352540894551553 0.06057297952585897 0.07772224113440414 0.060867330323805084
0 56 -0.24446193782996975 0.006101028233641693 -0.061447840644080334 -0.2466943714111767 -0.09739868514624904 -0.10847783552868621 0.23346462051004763 -0.22295388089121163 0.10455226050897554 0.026366460474567085
0 57 -0.1110456083817386 0.2036864277213037 -0.021040193435071148 -0.15171414333662292 -0.1909589153398413 -0.1869601980168858 0.1722390656794467 -0.2428732162335045 0.05696878810566385 0.13960160142684003
0 58 -0.07765389835235272 0.004878497619798856 0.01284547854502274 -0.018015242219989507 -0.10341869865940723 -0.13895760247621178 0.0661207115810249 -0.07415191363931917 0.07295428157665372 -0.06749690352203264
0 59 -0.11704162197901706 0.05669446834747648 0.04963039882139922 -0.14061694219930193 -0.06178626929703711 0.037064876413632354 0.12826687007862408 -0.10147079527400087 -0.011953822433592906 0.03527138372042017
0 60 -0.029389529899477827 -0.035912277557234265 -0.03486697907975676 0.050510383794109326 -0.0037260607807263826 -0.08356498740737742 0.10656639180753595 0.06132331205869388 -0.0860323134625945 0.08516207081385278
0 61 -0.170271681351069 0.0217799391253768 -0.0285778208413144 -0.1870374341728678 -0.04679183864980722 -0.07446579229661719 0.06013962021372339 -0.111837511083848 -3.7455855306683163E-4 -0.03514501443806354
0 62 -0.12540456511425846 0.18084124211915492 0.010251590607772866 -0.128998632631051 -0.18627360607686858 -0.26168536704139383 0.2212984293593479 -0.13850027183167263 0.050282985900201076 0.0738983902735487
0 63 -0.034391895346845766 0.0715891065733171 0.08149889850643093 -0.020851865288874782 -0.04430284812719093 0.010725584825193134 0.11304404184601778 -0.1525140739242409 -0.03396770213103071 0.03327558934148662
0 64 -0.06096900280922499 -0.030808725257148294 0.044101727685656955 -0.09958305505344327 -0.06478206983570202 0.03521342157199677 -0.05715201701275813 -0.015751407866322207 -0.050874378138031466 0.036667528630126865
0 65 -0.008296443477604136 0.058938454215332205 -0.08908652575873675 0.08583601508750739 0.06693125002176524 0.01545639495543564 -0.021409340037191592 0.07499778309100863 -0.06038654204423629 0.0702717787661303
0 66 0.006766727634399618 0.09484283765921817 0.016776710783076753 0.06431178757466578 0.02319543495009869 0.005186748201258761 -0.026538199061084896 -0.03421793367280245 0.031052983179300005 -7.323439826357291E-4
0 67 0.012909703625167988 0.05022510875813853 -0.032091767960889736 0.006407963808011359 0.0938295868876571 0.043473238239896024 0.015509923971354847 -0.05493102458732757 0.00668413873498609 0.07470812120870633
0 68 -0.04412902460203743 0.0072670547960499935 -0.032592371360093825 0.04857270433057858 0.05581949558863239 0.022650877731816975 0.048982071142253385 0.024197120607232645 0.0025862439583319756 0.042532148054770666
0 69 0.0743483168772953 0.07153897714472351 -0.09904167151939201 0.07873150389407188 -0.041362013411259696 -0.015912370919495582 0.03850480584141974 -0.04521030705308926 0.08576691179831872 0.09925880291047183
0 70 -102.6911809293693 54.78633365582357 7.856062345787861 -102.16570206485403 -99.0973823104974 -93.14768267285393 104.12065175311638 -117.00119335191658 26.73418033562048 21.416891393037524
0 71 -10.573772215361556 5.757123889258954 1.066516515852074 -10.484038231009297 -10.28410975629604 -9.66651663682165 10.842127883071985 -12.083188919667213 2.8085267557043814 2.141983942379645
0 72 -16.354364685837282 8.597471563426238 0.8428655040654089 -16.298872721893293 -15.845618896580334 -14.934013273957001 16.38680434147477 -18.736423984437995 4.188692901958269 3.3512094842800697
0 73 -9.268794868285479 5.10823103249682 0.6563074806794786 -9.298402085995285 -8.925305870755457 -8.540662300548432 9.762065114140949 -10.561640526160012 2.52214532935022 1.9558664765262697
0 74 -119.84603874113387 63.87183621481671 8.975350043484314 -119.14543992906701 -115.72653523355962 -108.64882617617039 121.56768457427954 -136.45985800336575 31.28672130782084 24.873314580305895
0 75 -50.14506053794808 27.154652847400108 3.600741057118366 -49.80780564690191 -48.447770733011424 -45.39990622321976 51.7290583286814 -57.111513960491834 13.336259216387603 10.57505738538038
0 76 -4.805297944809463 2.6700634761635063 0.45711814829150305 -4.745167145322076 -4.610488768074868 -4.41960400422559 4.9463547475182 -5.3615005337318475 1.3118357495632718 0.9522368137172266
0 77 -7.328776694473355 3.9681508833973096 0.5564655777586396 -7.230610658848174 -7.052324720427375 -6.604394980043194 7.603979319748741 -8.348431967746478 1.9157632891401588 1.5359496428395043
0 78 -3.9953438745786993 2.131248266505814 0.44024032829730547 -3.927737879546033 -3.7380661522436096 -3.612808989927908 4.094687610709796 -4.424315418094004 1.0949610859295185 0.8308230813866752
0 79 -58.055345045941515 31.44059581407001 4.226315260628478 -57.80672182376484 -56.18121583355556 -52.74626087326935 59.84156993189887 -66.07241096126737 15.425294870546772 12.352132458364892
0 80 -68.58856901847186 36.450796097487974 5.570821442391919 -68.29639668868323 -66.21704436991962 -62.165049814670766 69.20138759908293 -78.19383948878992 17.742428115668286 14.274072547897594
0 81 -7.060894989584919 3.8957262506871966 0.6146780433536555 -7.05955355100385 -6.825019240453513 -6.384590075447627 7.21980979690109 -8.120531417404178 1.8096489651374796 1.542763430505922
0 82 -8.390656499379409 4.308763458245864 0.4547941869719206 -8.269909060544155 -8.015684234774035 -7.5947411478938855 8.130713345705923 -9.477284264417863 2.0570462675526278 1.6815314579650897
0 83 -6.08635082368808 3.2468409671357445 0.42198715272112663 -6.051062979065707 -5.912504498170581 -5.619248037604904 6.327043608313897 -6.926736085994255 1.5540149358145416 1.247165683289029
0 84 -79.11182670295506 42.08140935456469 6.3470533221319485 -78.78244823411924 -76.59650694160557 -71.8567587072714 79.87043522531559 -90.28685537922144 20.46688890656906 16.428600440015053
0 85 -60.18830097090955 32.30352687276398 4.74727858046606 -59.881512943801795 -58.11898223532209 -54.65415842201502 61.403268939721 -68.54966390685541 15.85544994034002 12.606572129552127
0 86 -5.879260030994245 3.2925916157814648 0.4979313418210813 -5.919766520595678 -5.65892787834735 -5.46758896194334 6.133715726026743 -6.7949270024209305 1.5153159282158137 1.2447032330281682
0 87 -8.08392258807619 4.421329293048011 0.623341477084946 -7.99568450256299 -7.914365370467525 -7.370177582059946 8.134509049281236 -9.259708076592508 2.062326371389651 1.7600934755477387
0 88 -5.097601636623625 2.802826307770952 0.5243615115902661 -5.054211041031357 -4.884104214802431 -4.504101529779965 5.253599067909045 -5.626493909414391 1.2645047441240305 1.1422739830771644
0 89 -69.6447269832129 37.33448451269428 5.433581651673591 -69.30460724846866 -67.33474257164428 -63.12699922256041 71.11338252003712 -79.35557576238286 18.38635985221358 14.544119138844659
0 90 1213.4394444892378 -1164.5702147687805 112.515077349424 1210.6567894935304 1177.132782543725 1105.7090202742866 -2245.5646508208433 1371.7224900004835 -570.2176015431043 -470.03212186978055
0 91 -12.424822997457424 6.455318622562298 1.0989505062302551 -12.44955626069457 -12.037117679116836 -10.771087077767737 12.389188939849317 -13.586342755361247 3.0928960714489775 2.381042560747371
0 92 440.01406062650085 -361.50024769998464 -224.65808878734765 438.947086059487 426.1586985162283 408.4165821602361 -686.3073944184993 500.5531278744388 -172.70468895866517 -136.65314658373492
0 93 -4.32921051020248 2.360957058746642 0.12176018157739439 -4.304201601491397 -4.048457455077024 -3.814381923599625 4.403611495967369 -4.918918628622461 1.1791869983685104 0.995087585401085
0 94 1529.4560917157482 -1461.5824364448129 -118.58760872838313 1526.1876812459805 1483.1641687047688 1401.6476395841612 -2810.390520753417 1730.26615090545 -709.7521122150882 -579.0445133882578
0 95 -0.3380653948385081 0.23252671387066118 0.06604008809053778 -0.30516111872715335 -0.3365811527662063 -0.2785758449030746 0.3878990358175902 -0.47883492465270583 0.1217604202635286 -0.0052205251501559495
0 96 -0.21491287937400938 0.23478551797418662 -0.011533114415167148 -0.2260923217549968 -0.3393440447858762 -0.21934318796090183 0.35449450217268014 -0.3763604676100272 0.12318051985634025 0.1511970696004083
0 97 -0.8063154248850688 0.5540824861104451 0.055209684103524656 -0.8343790285323242 -0.7702292406205185 -0.8264317712079149 0.8811533312530594 -0.9137501626534617 0.13409383342682152 0.13682262400534828
0 98 -0.5299485765439124 0.2784765744565908 -0.03713843556953791 -0.5174496719913382 -0.37324206839420854 -0.4439067837524289 0.3971598826312433 -0.476143046147151 0.11091911007662675 0.15301681325976385
0 99 -0.3830387036226485 0.2712811063927258 0.08023564360885163 -0.3965543762136794 -0.4100952172629334 -0.2830435748573488 0.3928789005377593 -0.3454791851220122 0.18667706756798685 0.060116869427019715
0 100 -0.3366486634977057 0.08371122956139743 -0.003473016664299673 -0.3343075371881732 -0.32447324124252575 -0.2843796880734073 0.27890566541547845 -0.2819326311448279 0.043258527509107345 0.1096767971204118
0 101 -0.3580547950327645 0.2718824851678667 -0.025426787005656065 -0.2516041827910536 -0.2698214688538612 -0.21461865575675132 0.24308911106807304 -0.40688281845010993 0.1520282349510194 0.15254692947024387
0 102 -0.8417292138853089 0.3269208965002155 0.11743659459376704 -0.731923175201063 -0.6708251701055667 -0.7614555892139527 0.8541890561060196 -0.9105220395114151 0.1280391068412111 0.06675984997260573
0 103 -0.6205452995956606 0.3849549105107404 0.08189618684034704 -0.5655556279393168 -0.5562010131278182 -0.5844983482284953 0.6387000702143583 -0.649589311772983 0.09464740660273735 0.17762161673321641
0 104 -0.3099749410278438 0.18035385071451607 0.09020314894404897 -0.40939677770568333 -0.26701880109481346 -0.36824575904480666 0.3983407455693289 -0.4587331043437532 0.15941494718835367 0.09620072163274937
0 105 -13.714697084622149 7.551430852757578 1.0913324191063019 -13.720344929923883 -13.410564833808865 -12.48045977589873 14.177136527418703 -15.722334704599435 3.6171231178883385 2.926674848855078
0 106 -5.952990955393145 3.293858107579724 0.5197611937831476 -5.874602601063435 -5.795931413913572 -5.389236007374384 6.0351582469335385 -6.728378995890756 1.565178282671895 1.269904146526424
0 107 -16.992457388106526 9.174067494598129 1.2510010273733745 -16.914326190669183 -16.456558056187173 -15.324856154240797 17.564430322572697 -19.25743922613005 4.488831931048761 3.5083725743933813
0 108 -9.180801455049894 4.971384017980835 0.7850083613089714 -9.29779683458741 -8.955632001981407 -8.32829138538621 9.529815208961661 -10.507304549335775 2.476697308607707 2.0123999617535793
0 109 -14.908799938639374 8.02328462346875 1.240178595082265 -14.738200455303469 -14.399669863443297 -13.442283655489538 15.336716102262061 -16.980875175191564 4.017725204876574 3.1495369665375885
0 110 -7.569220140361792 3.986097118870878 0.4887277088109855 -7.392339599835798 -7.290920853594879 -6.809386200616439 7.762816648173802 -8.567035250221586 1.9581861637903903 1.6265672682967527
0 111 -2.8206878988798403 1.56614894460844 0.23571162428016812 -2.7134155682509227 -2.6465148172915187 -2.461466851651976 2.859663436918094 -3.0593980876695386 0.6297317839753668 0.5573398342157156
0 112 -9.071594626772768 4.950317314768486 0.633469540130456 -8.974634866786218 -8.713905177473963 -8.173212191362618 9.46730465420139 -10.287416886839086 2.3414423131307296 1.860764123679613
0 113 -3.9527241272822247 2.1702459875381725 0.20873418842726013 -3.9876540589541825 -3.886415578348744 -3.690444663497024 4.206606942293501 -4.659313194849586 1.0235807275395827 0.9202995487994456
0 114 -8.151554930934287 4.385909091205418 0.6659995596472047 -8.100077481473722 -7.958102733892756 -7.402071060771627 8.377291452810807 -9.196220928868815 2.2246280575600887 1.6385696746484186
0 115 -4.738650130143668 2.52742472807368 0.38015443070502647 -4.8181384289512454 -4.722335113301577 -4.386904378681035 4.987988094679325 -5.477433546644468 1.3079353364888884 1.0676172915812068
0 116 -0.912561567648727 0.408479521824999 -0.027314032075114392 -0.9115032885600008 -0.7728138570534835 -0.8377109008698782 0.8716223891866114 -0.9621726838668045 0.2678502850611077 0.2055962866021932
0 117 -2.7878033079062314 1.385219092412345 0.23435585962232514 -2.738773400438782 -2.684606508857086 -2.490102769446032 2.796593068507179 -3.0923141426327203 0.6437643694104578 0.5581236815920024
0 118 -1.5912145469999033 0.8334190089383778 0.15123765940293787 -1.5284446868598711 -1.5468964800322516 -1.4549722102380145 1.6562162079588914 -1.7872923352392769 0.4030468689640025 0.33290480623856084
0 119 -5.302877244579552 2.8856155345116994 0.44078497394164207 -5.160482241316722 -5.091723301537634 -4.7201391878335315 5.384985245729569 -6.029501249558157 1.3923224629715891 1.0593877401328482
0 120 -7.100382888043681 3.9628318389001858 0.5834593502431153 -7.128232104475792 -6.868236321512465 -6.555240651111352 7.516240319743204 -8.193255217791018 1.9864356294976904 1.5186422665513566
0 121 -3.3410460301883615 1.8579576612084563 0.23687527897949592 -3.335190994214326 -3.193553490505413 -3.0716700631933254 3.515013106490505 -3.845938514259179 0.8069617001054553 0.7924102593855322
0 122 -11.988436413949342 6.433390387746982 0.8495565105277509 -11.773506292615018 -11.48286449446672 -10.8431659244496 12.348566095060924 -13.673518223239185 3.1471533728187593 2.597301580791734
0 123 -5.259329057932069 2.955983104303949 0.4646809152969315 -5.242909842072736 -5.166422951461285 -4.899955252149397 5.579006236235675 -5.967425494583801 1.4219187252283008 1.0649763305394406
0 124 -7.754235045111191 4.2811133151759 0.5086664085676426 -7.645960462035702 -7.523654080358809 -7.131791861295333 8.046930464104834 -8.76469975697075 2.08857784891754 1.6894344142954107
0 125 -0.06496138641853587 -0.06183806444149928 0.07215046911305535 -0.05154690379802935 0.07849413396224397 -0.053144228200536686 -0.09535526850218325 0.13242016157346298 0.03298833640525618 -0.05381327528617662
0 126 -2.325955974088414 1.2294377269650083 0.5091451842643666 -2.3192089023204616 -2.1781445628804588 -2.0445935546725615 2.4308528585101037 -2.595267283195005 0.7649237185180938 0.44169597054036047
0 127 -151346.18831388335 119301.38937535885 -1472.238643255412 -150951.77442639144 -146894.1673894012 -134700.72449020445 208239.40381495745 -172599.74651006795 68567.84628318738 54730.47522411842
0 128 -9.158952777830123 4.88667742931545 0.5834236468323893 -9.032454014811515 -8.807224087512056 -8.284356702539975 9.43389007776126 -10.323639082318174 2.3444233240140133 1.9319945046883629
0 129 -7720.4116244380475 4046.3551428861556 -134.07194997320943 -7679.70120984183 -7459.206088936599 -6985.077756829398 7752.532526937228 -8840.803001306187 1936.7530138759782 1541.9441164467426
0 130 -10665.86860220384 5695.727874550254 592.5458593465645 -10607.533466908022 -10305.315785867275 -9671.337673500877 10753.25282308494 -12061.464210810276 2822.318287639798 2235.739616598718
0 131 10.148947663645396 -5.565416864182486 -0.5504737937780403 10.058390232017752 9.802846040240496 9.053577632504561 -10.55857569285745 11.48512546176001 -2.69091720019925 -2.1459765576454126
0 132 23.03886127480231 -12.571800388682293 -1.1432178251108678 22.91098851089967 22.213718972379745 20.777748894630765 -23.76709458284153 26.09454496619431 -6.052541056586045 -4.729322460958924
0 133 -5805.6943936620255 3087.8436520758823 706.7773331115151 -5771.252593099806 -5600.571068918077 -5274.157209496098 5949.1318873669015 -6649.375497602933 1413.3549218752453 1095.8632787723805
0 134 1489.7278370230736 -1235.4683438569923 -30.62353696985248 1483.136123427925 1441.6967301140496 1367.842326883432 -2380.8263948750314 1710.5770190421422 -625.6012907282728 -522.1560620883627
0 135 -192353.49962044862 110495.16711673628 4867.360999320283 -190881.73251392503 -184934.00753252237 -172392.386512588 200281.28707564806 -219418.8152850401 51267.42711346231 40050.109518897334
0 136 0.06525537066922497 -0.02301329927940549 -0.05756140937479309 -0.07727693085437948 -0.0353108845169266 0.08592674650987454 0.0520336882032492 0.09661227278737886 0.03147231165137303 0.03846821337347801 0.05209769690913821
1 0 -0.07651438560820154
1 1 0.04630783136445334
1 2 -0.13046387868743817
1 3 -0.07591068073017446
1 4 -0.07335328199120791
1 5 -0.06912538629435011
1 6 0.09611219427145712
1 7 -0.09351216679559812
1 8 0.02521516565255008
1 9 0.033895419853136925
